epoch:0 0.5655  0.9659  0.6216  -1.0  0.1785  0.5658  0.6175  0.6436  0.6439  -1.0  0.35  0.644  0.2683  0.005
epoch:1 0.6809  0.9817  0.8098  -1.0  0.3347  0.6811  0.7224  0.7365  0.7365  -1.0  0.6  0.7366  0.0993  0.005
epoch:2 0.7059  0.9847  0.8398  -1.0  0.4322  0.706  0.7444  0.7565  0.7565  -1.0  0.7  0.7566  0.0807  0.005
epoch:3 0.7326  0.9853  0.8566  -1.0  0.4747  0.7327  0.772  0.7825  0.7825  -1.0  0.65  0.7825  0.0715  0.00165
epoch:4 0.7291  0.9863  0.8594  -1.0  0.383  0.7294  0.769  0.7792  0.7792  -1.0  0.6  0.7793  0.0678  0.00165
epoch:5 0.742  0.9864  0.8696  -1.0  0.3848  0.7427  0.7807  0.7899  0.7899  -1.0  0.6  0.79  0.0662  0.00165
epoch:6 0.7449  0.9868  0.8696  -1.0  0.3942  0.7456  0.7843  0.7927  0.7927  -1.0  0.6  0.7928  0.0637  0.000545
epoch:7 0.7439  0.9867  0.872  -1.0  0.4602  0.7441  0.7835  0.7925  0.7925  -1.0  0.6  0.7926  0.0633  0.000545
epoch:8 0.7454  0.9866  0.8716  -1.0  0.4074  0.7456  0.7847  0.7933  0.7933  -1.0  0.6  0.7934  0.0627  0.000545
epoch:9 0.7477  0.9867  0.8708  -1.0  0.3942  0.748  0.7864  0.7952  0.7952  -1.0  0.6  0.7953  0.0614  0.00018
epoch:10 0.7479  0.9868  0.873  -1.0  0.3942  0.7483  0.7866  0.7959  0.7959  -1.0  0.6  0.796  0.0616  0.00018
epoch:11 0.7465  0.9868  0.8733  -1.0  0.4272  0.7468  0.786  0.7944  0.7944  -1.0  0.6  0.7945  0.0611  0.00018
epoch:12 0.7493  0.987  0.8775  -1.0  0.3989  0.7496  0.7879  0.7974  0.7974  -1.0  0.65  0.7975  0.0608  5.9e-05
epoch:13 0.7495  0.9867  0.8717  -1.0  0.4074  0.7502  0.7885  0.7973  0.7973  -1.0  0.6  0.7974  0.0611  5.9e-05
epoch:14 0.7481  0.9869  0.8801  -1.0  0.4272  0.7483  0.7866  0.7959  0.7959  -1.0  0.6  0.796  0.0608  5.9e-05
epoch:15 0.7504  0.9868  0.88  -1.0  0.3954  0.7507  0.7887  0.7973  0.7973  -1.0  0.65  0.7973  0.0609  2e-05
epoch:16 0.7495  0.9868  0.8747  -1.0  0.406  0.7498  0.7891  0.7973  0.7973  -1.0  0.65  0.7974  0.0608  2e-05
epoch:17 0.7481  0.9867  0.8719  -1.0  0.4602  0.7484  0.7874  0.7958  0.7958  -1.0  0.6  0.7959  0.0606  2e-05
epoch:18 0.7488  0.9869  0.8726  -1.0  0.4272  0.7491  0.7878  0.7966  0.7966  -1.0  0.6  0.7967  0.0609  6e-06
epoch:19 0.7472  0.9868  0.8729  -1.0  0.4272  0.7475  0.7871  0.7959  0.7959  -1.0  0.6  0.796  0.0608  6e-06
epoch:20 0.7474  0.9867  0.8714  -1.0  0.3954  0.7476  0.7872  0.7958  0.7958  -1.0  0.65  0.7958  0.0606  6e-06
epoch:21 0.7478  0.9867  0.8783  -1.0  0.3848  0.748  0.7873  0.796  0.796  -1.0  0.6  0.7961  0.0604  2e-06
epoch:22 0.748  0.9867  0.8731  -1.0  0.4272  0.7487  0.788  0.7972  0.7972  -1.0  0.6  0.7973  0.0603  2e-06
epoch:23 0.7499  0.9869  0.8795  -1.0  0.4074  0.7502  0.7883  0.7968  0.7968  -1.0  0.6  0.7969  0.0602  2e-06
epoch:24 0.7483  0.9869  0.8739  -1.0  0.3777  0.7485  0.7876  0.7957  0.7957  -1.0  0.6  0.7958  0.0605  1e-06
epoch:25 0.749  0.9869  0.8718  -1.0  0.3954  0.7493  0.7875  0.7959  0.7959  -1.0  0.65  0.796  0.0605  1e-06
epoch:26 0.7486  0.9866  0.8717  -1.0  0.4272  0.7494  0.7882  0.7971  0.7971  -1.0  0.6  0.7972  0.0603  1e-06
epoch:27 0.75  0.9869  0.8731  -1.0  0.503  0.7501  0.7886  0.7965  0.7965  -1.0  0.6  0.7966  0.0608  0.0
epoch:28 0.7489  0.9868  0.8718  -1.0  0.4272  0.7491  0.7885  0.7973  0.7973  -1.0  0.6  0.7974  0.0607  0.0
epoch:29 0.747  0.9864  0.8714  -1.0  0.3942  0.7472  0.786  0.7954  0.7954  -1.0  0.6  0.7955  0.0605  0.0
